
010015020030040050060070080090100150200250300350400450500600700800900100
    n
    p
  he4
 fe54
 fe56
 fe58
 ni56
 ni58
 ni60
 ni62
 ni66
 ni68
 ni78
 zn80
 se84
 kr86
    n       1.000   0   1   0.5     8.071
     1.00     1.00     1.00     1.00     1.00     1.00     1.00     1.00
     1.00     1.00     1.00     1.00     1.00     1.00     1.00     1.00
     1.00     1.00     1.00     1.00     1.00     1.00     1.00     1.00
    p       1.000   1   0   0.5     7.289
     1.00     1.00     1.00     1.00     1.00     1.00     1.00     1.00
     1.00     1.00     1.00     1.00     1.00     1.00     1.00     1.00
     1.00     1.00     1.00     1.00     1.00     1.00     1.00     1.00
  he4       4.000   2   2   0.0     2.425
     1.00     1.00     1.00     1.00     1.00     1.00     1.00     1.00
     1.00     1.00     1.00     1.00     1.00     1.00     1.00     1.00
     1.00     1.00     1.00     1.00     1.00     1.00     1.00     1.00
 fe54      54.000  26  28   0.0   -56.249
     1.00     1.00     1.00     1.00     1.00     1.00     1.00     1.00
     1.00     1.00     1.00     1.00     1.00     1.01     1.02     1.05
     1.10     1.16     1.25     1.51     1.90     2.46     3.24     4.31
 fe56      56.000  26  30   0.0   -60.604
     1.00     1.00     1.00     1.00     1.00     1.00     1.00     1.00
     1.00     1.00     1.00     1.01     1.04     1.10     1.19     1.31
     1.46     1.63     1.82     2.32     3.05     4.16     5.87     8.58
 fe58      58.000  26  32   0.0   -62.152
     1.00     1.00     1.00     1.00     1.00     1.00     1.00     1.00
     1.00     1.00     1.00     1.01     1.05     1.12     1.23     1.38
     1.56     1.79     2.06     2.79     3.86     5.47     7.97    11.90
 ni56      56.000  28  28   0.0   -53.902
     1.00     1.00     1.00     1.00     1.00     1.00     1.00     1.00
     1.00     1.00     1.00     1.00     1.00     1.00     1.00     1.00
     1.00     1.01     1.01     1.04     1.11     1.25     1.50     1.94
 ni58      58.000  28  30   0.0   -60.225
     1.00     1.00     1.00     1.00     1.00     1.00     1.00     1.00
     1.00     1.00     1.00     1.00     1.00     1.01     1.02     1.04
     1.09     1.15     1.24     1.52     2.00     2.81     4.12     6.21
 ni60      60.000  28  32   0.0   -64.469
     1.00     1.00     1.00     1.00     1.00     1.00     1.00     1.00
     1.00     1.00     1.00     1.00     1.00     1.01     1.03     1.07
     1.13     1.22     1.35     1.75     2.44     3.58     5.43     8.42
 ni62      62.000  28  34   0.0   -66.744
     1.00     1.00     1.00     1.00     1.00     1.00     1.00     1.00
     1.00     1.00     1.00     1.00     1.01     1.02     1.06     1.11
     1.19     1.30     1.45     1.92     2.74     4.18     6.69    11.00
 ni66      66.000  28  38   0.0   -66.028
     1.00     1.00     1.00     1.00     1.00     1.00     1.00     1.00
     1.00     1.00     1.00     1.00     1.00     1.01     1.02     1.05
     1.09     1.15     1.25     1.65     2.59     4.72     9.28    18.60
 ni68      68.000  28  40   0.0   -63.482
     1.00     1.00     1.00     1.00     1.00     1.00     1.00     1.00
     1.00     1.00     1.00     1.00     1.00     1.02     1.05     1.12
     1.24     1.44     1.72     2.76     4.84     8.98    17.10    33.20
 ni78      78.000  28  50   0.0   -38.759
     1.00     1.00     1.00     1.00     1.00     1.00     1.00     1.00
     1.00     1.00     1.00     1.00     1.00     1.00     1.00     1.00
     1.01     1.02     1.04     1.14     1.39     1.92     3.00     5.11
 zn80      80.000  30  50   0.0   -55.172
     1.00     1.00     1.00     1.00     1.00     1.00     1.00     1.00
     1.00     1.00     1.00     1.00     1.00     1.00     1.00     1.00
     1.01     1.02     1.05     1.19     1.54     2.36     4.15     7.94
 se84      84.000  34  50   0.0   -75.952
     1.00     1.00     1.00     1.00     1.00     1.00     1.00     1.00
     1.00     1.00     1.00     1.00     1.00     1.01     1.02     1.04
     1.09     1.15     1.25     1.59     2.31     3.91     7.51    15.60
 kr86      86.000  36  50   0.0   -83.262
     1.00     1.00     1.00     1.00     1.00     1.00     1.00     1.00
     1.00     1.00     1.00     1.00     1.00     1.00     1.01     1.04
     1.08     1.15     1.25     1.64     2.49     4.36     8.57    18.10
