    1   0.0000E+00
    9   0.0000E+00
   10   7.4703E-01
   11   6.3755E-01
   12   6.8511E-01
   12   8.4009E-01
   13   7.3728E-02
   14   3.6834E-01
   14   8.0962E-01
   14   4.0301E-01
   15   1.6919E-02
   15   6.4163E-01
   16   2.8132E-01
   16   9.0382E-01
   17   4.1230E-01
   17   9.3600E-01
   17   4.7599E-01
   18   2.7977E-02
   18   5.9427E-01
   19   1.7057E-01
   19   7.5801E-01
   20   3.5510E-01
   20   9.6005E-01
   20   5.7524E-01
   21   1.9673E-01
   21   8.2588E-01
   21   4.6243E-01
   22   1.0398E-01
   22   7.5294E-01
   22   4.0753E-01
   23   6.6388E-02
   23   5.9459E-01
   24   9.4770E-02
   24   6.0557E-01
   25   1.2233E-01
   25   6.4960E-01
   26   1.8308E-01
   26   6.8888E-01
   27   1.7787E-01
   27   7.0566E-01
   28   2.5555E-01
   28   8.2843E-01
   28   4.3063E-01
   29   3.5376E-02
   29   5.7554E-01
   30   1.1159E-01
   31   5.3847E-01
   31   9.3292E-01
   32   3.3424E-01
   32   7.4051E-01
   33   1.5231E-01
   34   4.7183E-01
   34   7.8794E-01
   35   1.6030E-01
   35   5.8751E-01
   36   3.4706E-02
   37   4.0226E-01
   37   7.8682E-01
   38   2.0894E-01
   38   6.6519E-01
   39   1.4124E-01
   39   5.7941E-01
   40   3.8805E-03
   41   4.6689E-01
   41   9.3528E-01
   42   4.3504E-01
   42   9.1823E-01
   43   2.8581E-01
   43   6.8890E-01
   44   1.2140E-01
   44   5.9955E-01
   45   9.0281E-02
   46   5.2062E-01
   46   9.1764E-01
   47   1.4496E-01
   48   3.8749E-01
   49   6.4266E-01
   49   8.9110E-01
   50   2.5495E-02
   51   2.5255E-01
   52   5.3913E-01
   53   8.2245E-01
   53   9.9261E-01
   54   2.1569E-01
   55   4.7468E-01
   56   7.1957E-01
   56   9.1832E-01
   57   1.6774E-01
   58   4.5802E-01
   59   6.9989E-01
   59   8.4561E-01
   60   6.4320E-02
   61   3.5832E-01
   62   6.1550E-01
   62   8.4380E-01
   63   1.3181E-01
   64   1.6844E-01
   65   1.5800E-01
   66   1.6041E-01
   67   1.3304E-01
   68   1.2921E-01
   69   1.5834E-01
   70   2.7140E-01
   71   4.5371E-01
   72   6.9017E-01
   72   9.6229E-01
   73   1.5193E-01
   74   1.3754E-01
   75   9.8325E-02
   77   8.5440E-02
   78   9.1285E-01
   79   8.6486E-01
   80   9.0359E-01
   81   7.9610E-01
   82   7.7190E-01
   83   7.8666E-01
   84   7.4288E-01
   85   7.5898E-01
   86   7.6599E-01
   87   5.9517E-01
   88   5.2937E-01
   89   4.4105E-01
   90   3.4128E-01
   91   3.4653E-01
   92   3.2595E-01
   93   3.0388E-01
   94   3.2452E-01
   96   1.5136E-01
   97   9.8040E-01
   98   9.2074E-01
   99   7.7424E-01
  100   7.5381E-01
  101   7.9346E-01
  102   7.6728E-01
  103   8.2076E-01
  104   9.2178E-01
  105   8.5561E-01
  106   8.7613E-01
  107   9.5930E-01
  108   8.4401E-01
  109   7.7849E-01
  110   7.1350E-01
  111   5.7036E-01
  112   5.0790E-01
  113   3.6150E-01
  114   1.9765E-01
  115   1.7706E-01
  117   7.1218E-02
  118   6.1259E-01
  120   1.8150E-01
  121   6.0178E-01
  122   2.1386E-01
  123   2.3987E-01
  125   1.3622E-01
  126   6.4460E-01
  127   1.5261E-01
  129   3.2791E-02
  130   6.2533E-01
  132   2.2548E-01
  133   6.4063E-01
  135   2.2959E-01
  136   6.9217E-01
  138   2.6080E-01
  139   7.9248E-01
  140   4.2234E-01
  141   2.9946E-01
  143   2.6643E-02
  144   6.9606E-01
  146   2.9648E-01
  147   9.4538E-01
  148   7.5502E-01
  149   4.5133E-01
  150   2.8450E-01
  152   8.5643E-02
  153   9.7401E-01
  154   9.7116E-01
  155   7.9534E-01
  156   7.7204E-01
  157   8.3561E-01
  158   8.4536E-01
  158   9.4523E-01
  159   1.3084E-01
  160   2.5080E-01
  161   3.6669E-01
  163   4.3058E-01
  164   8.9803E-01
  165   8.1990E-01
  166   8.5418E-01
  167   8.6775E-01
  168   8.8525E-01
  169   7.9029E-01
  169   8.4494E-01
  170   1.2658E-02
  171   9.1587E-02
  172   2.6574E-01
  173   5.1597E-01
  173   7.8629E-01
  174   2.4447E-02
  175   3.1091E-01
  176   6.2703E-01
  176   9.5604E-01
  177   1.0416E-01
  178   3.3170E-01
  179   6.1766E-01
  179   9.3503E-01
  180   1.8787E-01
  181   5.0000E-01
  181   8.5105E-01
  182   2.5604E-01
  183   6.2107E-01
  183   9.5967E-01
  184   3.5102E-01
  184   7.6591E-01
  185   2.1217E-01
  186   5.9126E-01
  186   9.3644E-01
  187   3.4566E-01
  187   7.8297E-01
  188   2.5924E-01
  188   6.8884E-01
  189   7.2107E-02
  190   4.9461E-01
  190   9.2933E-01
  191   4.0051E-01
  191   8.5908E-01
  192   2.7313E-01
  192   7.1155E-01
  193   1.7156E-01
  193   6.6051E-01
  194   1.6400E-01
  195   5.9281E-01
  195   9.8681E-01
  196   4.5032E-01
  196   9.2523E-01
  197   4.5428E-01
  198   9.6150E-01
  199   7.4023E-01
  200   6.8609E-01
  200   8.1373E-01
  201   1.1427E-01
  201   6.6101E-01
  202   2.5739E-01
  202   8.4408E-01
  203   4.1185E-01
  203   9.8132E-01
  203   5.6620E-01
  204   1.5223E-01
  204   7.4861E-01
  205   3.5169E-01
  205   9.4127E-01
  206   4.1293E-01
  206   8.9571E-01
  207   4.1690E-01
  207   9.4492E-01
  207   5.1262E-01
  208   8.1646E-02
  208   6.1693E-01
  209   1.4491E-01
  209   7.1464E-01
  210   3.0345E-01
  210   9.0679E-01
  210   5.4962E-01
  211   1.9350E-01
  211   8.2624E-01
  211   4.4533E-01
  212   6.5042E-02
  212   7.1708E-01
  212   3.7642E-01
  213   3.6468E-02
  213   7.2820E-01
  213   4.2456E-01
  214   1.2180E-01
  214   7.8220E-01
  214   4.1798E-01
  215   5.4490E-02
  215   6.0779E-01
  216   1.4686E-01
  216   6.9568E-01
  217   2.4961E-01
  217   8.1026E-01
  218   3.7905E-01
  218   9.6187E-01
  218   6.4474E-01
  218   3.2619E-01
  219   6.1710E-03
  219   5.8081E-01
  220   1.5043E-01
  220   7.2532E-01
  221   3.0194E-01
  221   8.7966E-01
  221   4.6391E-01
  222   4.5791E-02
  222   5.6623E-01
  223   7.6096E-02
  223   6.2987E-01
  224   1.8949E-01
  224   7.7543E-01
  225   3.8043E-01
  225   9.8817E-01
  225   7.1765E-01
  225   4.4585E-01
  226   1.7275E-01
  226   8.7040E-01
  226   5.1861E-01
  227   1.6415E-01
  227   8.2354E-01
  227   4.9472E-01
  228   1.6372E-01
  228   8.4532E-01
  228   5.3931E-01
  229   2.3146E-01
  229   9.1062E-01
  229   5.5471E-01
  230   1.9612E-01
  230   8.5138E-01
  230   5.2398E-01
  231   1.9434E-01
  231   8.7645E-01
  231   5.7643E-01
  232   2.7451E-01
  232   9.6845E-01
  232   6.4002E-01
  233   3.0916E-01
  233   9.7737E-01
  233   6.6317E-01
  233   3.4059E-01
  234   8.8131E-03
  234   7.2858E-01
  234   4.4305E-01
  235   1.4998E-01
  235   8.0652E-01
  235   4.1392E-01
  236   1.7803E-02
  236   6.6266E-01
  237   3.0720E-01
  237   9.5529E-01
  237   6.3756E-01
  238   3.1794E-01
  238   9.9603E-01
  238   6.4402E-01
  239   2.8980E-01
  239   9.1477E-01
  240   4.5618E-01
  240   9.9419E-01
  240   5.4896E-01
  241   1.0070E-01
  241   6.6520E-01
  242   2.3152E-01
  242   7.6119E-01
  243   2.4891E-01
  243   7.6708E-01
  244   3.1405E-01
  244   8.7638E-01
  244   4.7705E-01
  245   7.5342E-02
  245   6.1841E-01
  246   1.4584E-01
  246   6.9889E-01
  247   2.6173E-01
  247   8.3753E-01
  247   4.3413E-01
  248   2.8116E-02
  248   5.8953E-01
  249   1.4542E-01
  249   7.1835E-01
  250   2.9809E-01
  250   8.8340E-01
  250   4.8627E-01
  251   8.6054E-02
  251   7.4518E-01
  251   4.1937E-01
  252   9.1767E-02
  252   6.7854E-01
  253   2.2954E-01
  253   7.7941E-01
  254   3.2856E-01
  254   8.7600E-01
  255   4.2436E-01
  255   9.6266E-01
  256   3.9693E-01
  257   6.6524E-01
  258   7.0065E-01
  258   9.5010E-01
  259   1.8276E-01
  259   6.5931E-01
  260   2.1055E-01
  260   7.5867E-01
  261   3.0307E-01
  261   8.7975E-01
  261   5.2379E-01
  262   1.6591E-01
  262   7.5217E-01
  263   2.8912E-01
  263   8.2830E-01
  264   3.7385E-01
  264   9.1907E-01
  264   4.7410E-01
  265   2.6325E-02
  266   4.9759E-01
  266   9.6466E-01
  266   4.8955E-01
  267   1.1076E-02
  267   5.8828E-01
  268   1.6433E-01
  268   7.0626E-01
  269   2.2501E-01
  269   7.6550E-01
  270   3.2485E-01
  270   8.9290E-01
  270   4.9046E-01
  271   8.5519E-02
  271   6.4986E-01
  272   2.0358E-01
  272   7.6234E-01
  273   3.2493E-01
  273   8.8844E-01
  273   4.6007E-01
  274   2.8528E-02
  274   6.5212E-01
  275   2.7777E-01
  275   8.7190E-01
  276   3.8004E-01
  276   8.8776E-01
  277   4.0361E-01
  277   9.1876E-01
  278   4.4334E-01
  278   9.7407E-01
  278   6.2658E-01
  279   2.7742E-01
  279   9.0428E-01
  280   4.4471E-01
  280   9.8175E-01
  280   5.2611E-01
  281   6.7237E-02
  281   6.1508E-01
  282   1.6169E-01
  282   6.5121E-01
  283   1.0678E-01
  283   6.0861E-01
  284   1.1906E-01
  284   6.6949E-01
  285   2.3097E-01
  285   7.5178E-01
  286   2.2711E-01
  286   7.2363E-01
  287   2.3560E-01
  287   7.6596E-01
  288   3.1337E-01
  288   8.4672E-01
  289   3.5220E-01
  289   8.6517E-01
  290   4.0331E-01
  290   9.4169E-01
  290   5.1044E-01
  291   7.4809E-02
  292   5.4543E-01
  292   9.9161E-01
  293   4.9108E-01
  293   9.8631E-01
  293   5.3149E-01
  294   7.1814E-02
  294   5.6251E-01
  295   3.8365E-02
  295   5.6587E-01
  296   9.2202E-02
  296   6.5968E-01
  297   2.3359E-01
  297   7.9164E-01
  298   3.3117E-01
  298   8.7505E-01
  299   4.3863E-01
  299   9.9730E-01
  299   5.8457E-01
  300   1.6607E-01
  300   6.7717E-01
  301   1.3836E-01
  301   6.3559E-01
  302   1.4331E-01
  302   6.8700E-01
  303   2.4388E-01
  303   7.7982E-01
  304   2.9036E-01
  304   8.2132E-01
  305   3.8384E-01
  305   9.5002E-01
  305   5.6033E-01
  306   1.6809E-01
  306   7.5099E-01
  307   3.1403E-01
  307   8.8443E-01
  307   4.7920E-01
  308   7.0702E-02
  308   6.8965E-01
  309   3.1234E-01
  309   9.1800E-01
  310   4.5387E-01
  310   9.8625E-01
  310   5.4934E-01
  311   1.0866E-01
  311   6.9054E-01
  312   2.7779E-01
  312   8.2790E-01
  313   3.0503E-01
  313   7.8435E-01
  314   2.6903E-01
  314   7.5759E-01
  315   2.4627E-01
  315   8.0585E-01
  315   4.3155E-01
  316   4.8275E-02
  316   6.8582E-01
  317   3.2313E-01
  317   9.5213E-01
  317   5.4552E-01
  318   1.3391E-01
  318   6.4021E-01
  319   1.0226E-01
  319   5.8087E-01
  320   5.7985E-02
  320   5.5503E-01
  321   4.9100E-02
  322   4.6983E-01
  322   8.9220E-01
  323   3.7329E-01
  323   8.6929E-01
  324   4.1325E-01
  324   9.4447E-01
  325   4.0624E-01
  325   8.7378E-01
  326   3.7328E-01
  326   8.8024E-01
  327   4.2956E-01
  327   9.6750E-01
  328   4.6185E-01
  328   9.5545E-01
  328   4.8161E-01
  329   3.8299E-03
  329   5.6071E-01
  330   1.1496E-01
  330   5.8268E-01
  331   1.6184E-02
  332   5.0127E-01
  332   9.8532E-01
  332   5.1800E-01
  333   4.7257E-02
  334   5.2253E-01
  334   9.8838E-01
  334   5.0563E-01
  335   1.8615E-02
  335   5.7888E-01
  336   1.3853E-01
  337   5.1950E-01
  337   8.1888E-01
  338   1.3991E-01
  339   4.6953E-01
  339   8.6027E-01
  340   4.1096E-01
  340   9.4875E-01
  341   3.5338E-01
  341   7.7590E-01
  342   2.2677E-01
  342   7.0441E-01
  343   2.0053E-01
  343   6.5906E-01
  344   9.1218E-02
  344   5.7182E-01
  345   5.9884E-02
  345   5.9485E-01
  346   1.3481E-01
  346   6.3746E-01
  347   1.2289E-01
  347   6.3994E-01
  348   1.6558E-01
  348   7.1643E-01
  349   2.8038E-01
  349   8.0994E-01
  350   2.7821E-01
  350   7.6591E-01
  351   2.7555E-01
  351   8.0226E-01
  352   3.5168E-01
  352   8.7698E-01
  353   3.1994E-01
  353   7.7038E-01
  354   2.3219E-01
  354   7.0540E-01
  355   1.8699E-01
  355   6.2011E-01
  356   2.4311E-02
  357   4.6256E-01
  357   9.0663E-01
  358   3.7868E-01
  358   8.1430E-01
  359   1.5956E-01
  360   5.5792E-01
  360   9.7509E-01
  361   4.5401E-01
  361   9.2296E-01
  362   3.3348E-01
  362   7.6778E-01
  363   2.3406E-01
  363   7.2951E-01
  364   2.4760E-01
  364   7.4399E-01
  365   2.1714E-01
  365   7.0590E-01
  366   2.0513E-01
  366   7.1967E-01
  367   2.4466E-01
  367   7.0101E-01
  368   8.3591E-02
  369   5.1354E-01
  369   9.5397E-01
  370   4.4128E-01
  370   9.1759E-01
  371   3.3401E-01
  371   7.6673E-01
  372   2.2230E-01
  372   7.0037E-01
  373   1.9367E-01
  373   6.3446E-01
  374   4.1412E-02
  375   4.7505E-01
  375   9.1363E-01
  376   3.7565E-01
  376   7.9754E-01
  377   1.2824E-01
  378   5.0954E-01
  378   9.1098E-01
  379   3.6126E-01
  379   7.7547E-01
  380   1.2151E-01
  381   5.0961E-01
  381   9.1357E-01
  382   3.5874E-01
  382   7.8438E-01
  383   1.7543E-01
  383   6.0185E-01
  384   4.1337E-02
  384   5.2446E-01
  385   9.7976E-03
  386   3.7818E-01
  386   7.7134E-01
  387   2.0608E-01
  387   6.8114E-01
  388   1.7879E-01
  388   6.4055E-01
  389   8.1050E-02
  389   5.6895E-01
  390   6.3247E-02
  390   6.0205E-01
  391   1.4602E-01
  391   6.6116E-01
  392   1.6146E-01
  392   6.7054E-01
  393   1.8284E-01
  393   7.0318E-01
  394   2.2793E-01
  394   6.6659E-01
  395   2.4764E-02
  396   4.3109E-01
  396   8.5073E-01
  397   3.0447E-01
  397   7.2959E-01
  398   1.1869E-01
  398   5.5459E-01
  399   1.0767E-05
  400   4.9946E-01
  400   9.9691E-01
  401   4.3473E-01
  401   8.7755E-01
  402   3.4376E-01
  402   8.1926E-01
  403   3.1343E-01
  403   7.5541E-01
  404   1.1300E-01
  405   5.1055E-01
  405   9.2163E-01
  406   3.7242E-01
  406   7.8682E-01
  407   1.2653E-01
  408   5.0109E-01
  408   8.9033E-01
  409   3.1316E-01
  409   7.0816E-01
  410   7.0147E-02
  411   4.6571E-01
  411   8.7190E-01
  412   3.0590E-01
  413   6.6772E-01
  413   9.4952E-01
  414   2.9150E-01
  414   6.6609E-01
  415   6.6254E-02
  416   3.9516E-01
  416   7.4229E-01
  417   1.2796E-01
  417   5.6283E-01
  418   8.8981E-03
  419   4.1281E-01
  419   8.2359E-01
  420   2.5512E-01
  420   7.0216E-01
  421   1.6163E-01
  422   5.0381E-01
  422   8.1448E-01
  423   1.7356E-01
  424   5.7869E-01
  424   9.9923E-01
  425   3.5912E-01
  425   7.4850E-01
  426   1.7668E-01
  426   6.4892E-01
  427   1.3959E-01
  427   5.9031E-01
  428   2.4124E-02
  429   2.9246E-01
  430   5.4836E-01
  430   7.9942E-01
  431   4.5677E-02
  432   4.5111E-01
  432   8.7566E-01
  433   3.3611E-01
  433   8.1129E-01
  434   3.1291E-01
  434   7.6813E-01
  435   1.4655E-01
  436   5.4134E-01
  436   9.4132E-01
  437   3.6162E-01
  437   7.4777E-01
  438   7.9212E-02
  439   4.4877E-01
  439   8.3309E-01
  440   2.4656E-01
  441   5.8261E-01
  441   8.7736E-01
  442   2.3836E-01
  442   6.4506E-01
  443   7.7662E-02
  444   4.5268E-01
  444   8.3400E-01
  445   2.5902E-01
  445   7.1433E-01
  446   1.9400E-01
  446   6.4258E-01
  447   7.0581E-02
  448   5.1914E-01
  448   9.6868E-01
  449   4.4046E-01
  449   8.8095E-01
  450   1.8153E-01
  451   5.2460E-01
  451   8.9075E-01
  452   3.0217E-01
  452   6.7449E-01
  453   4.9643E-03
  454   3.9381E-01
  454   7.9965E-01
  455   2.3938E-01
  456   6.3239E-01
  456   9.8932E-01
  457   3.9153E-01
  457   8.0594E-01
  458   2.4833E-01
  459   6.2308E-01
  459   9.4674E-01
  460   3.3200E-01
  460   7.4229E-01
  461   1.8358E-01
  462   5.5141E-01
  462   8.8673E-01
  463   2.5611E-01
  463   6.4732E-01
  464   5.0490E-02
  465   3.8917E-01
  465   7.3585E-01
  466   1.0501E-01
  467   5.1094E-01
  467   8.9893E-01
  468   1.6579E-01
  469   4.9220E-01
  469   8.4996E-01
  470   2.6200E-01
  471   6.3656E-01
  471   9.7941E-01
  472   3.8965E-01
  472   8.1461E-01
  473   2.7910E-01
  473   7.1809E-01
  474   1.2882E-01
  475   5.5380E-01
  475   9.7363E-01
  476   4.1434E-01
  476   7.9396E-01
  477   2.7813E-02
  478   3.2165E-01
  479   6.4548E-01
  479   9.8953E-01
  480   2.6737E-01
  481   5.9193E-01
  481   9.4907E-01
  482   3.7461E-01
  482   7.7951E-01
  483   1.4901E-01
  484   5.5920E-01
  484   9.8122E-01
  485   4.5255E-01
  485   9.0383E-01
  486   2.5151E-01
  486   6.3810E-01
  487   4.7756E-02
  488   5.1391E-01
  488   9.7970E-01
  489   3.6225E-01
  489   7.6029E-01
  490   1.8249E-01
  490   6.3260E-01
  491   9.3868E-02
  492   5.0735E-01
  492   9.1113E-01
  493   3.3332E-01
  493   7.6274E-01
  494   2.0375E-01
  495   5.3330E-01
  495   8.0855E-01
  496   1.1207E-01
  497   4.4900E-01
  498   7.5367E-01
  498   9.7925E-01
  499   2.6017E-01
  500   5.7401E-01
  500   8.9507E-01
  501   1.5648E-01
  502   4.4342E-01
  502   7.4529E-01
  503   6.2690E-02
  504   4.8748E-01
  504   8.9538E-01
  505   1.6811E-01
  506   4.6673E-01
  506   7.7341E-01
  507   9.2444E-02
  508   2.9894E-01
  509   5.4949E-01
  509   8.5521E-01
  510   2.3108E-01
  511   5.5839E-01
  511   8.6968E-01
  512   2.3281E-01
  512   6.3417E-01
  513   5.6747E-02
  514   4.3127E-01
  514   8.0321E-01
  515   1.8400E-01
  516   5.7423E-01
  516   9.5604E-01
  517   1.3410E-01
  518   3.6384E-01
  519   6.3408E-01
  519   9.2414E-01
  520   1.4130E-01
  521   4.2462E-01
  521   7.5075E-01
  522   1.2086E-01
  523   4.3761E-01
  523   7.5821E-01
  524   1.0814E-01
  525   4.9614E-01
  525   8.6332E-01
  526   1.0646E-01
  527   4.0818E-01
  527   7.4434E-01
  528   1.1757E-01
  529   4.0055E-01
  529   6.8642E-01
  530   4.9161E-04
  531   3.6679E-01
  531   7.0569E-01
  532   7.2828E-03
  533   3.4788E-01
  533   7.0521E-01
  534   8.1462E-02
  535   3.0499E-01
  536   5.4229E-01
  536   8.1726E-01
  537   1.3422E-01
  538   3.6693E-01
  539   6.1282E-01
  539   8.9714E-01
  540   2.3278E-01
  541   5.2475E-01
  541   8.0015E-01
  542   9.4691E-02
  543   4.1328E-01
  544   6.5021E-01
  545   7.7804E-01
  545   9.6726E-01
  546   2.2913E-01
  547   4.3325E-01
  548   6.5256E-01
  548   9.2596E-01
  549   2.7027E-01
  550   5.7083E-01
  550   8.5278E-01
  551   1.8009E-01
  552   5.4709E-01
  552   9.1122E-01
  553   1.5455E-01
  554   4.4139E-01
  554   7.5779E-01
  555   1.0659E-01
  556   3.1948E-01
  557   5.1952E-01
  558   7.3665E-01
  558   9.6441E-01
  559   8.0683E-02
  560   2.4552E-01
  561   4.5088E-01
  562   5.9531E-01
  563   6.7911E-01
  563   8.5129E-01
  564   1.0343E-01
  565   2.8189E-01
  566   5.0628E-01
  566   7.8507E-01
  567   1.1747E-01
  568   4.0543E-01
  568   6.9853E-01
  569   1.0587E-02
  570   3.5910E-01
  571   6.1671E-01
  571   7.8582E-01
  572   1.1124E-02
  573   3.1009E-01
  574   5.6267E-01
  574   7.9803E-01
  575   8.4289E-02
  576   4.2957E-01
  576   7.5076E-01
  577   1.0841E-02
  578   3.2119E-01
  578   6.5652E-01
  579   1.2975E-02
  580   2.2969E-01
  581   4.9040E-01
  581   7.8997E-01
  582   1.3208E-01
  583   3.6332E-01
  584   5.8541E-01
  584   8.3122E-01
  585   1.0373E-01
  586   2.8654E-01
  587   4.8015E-01
  588   7.0231E-01
  589   9.3384E-01
  589   9.8503E-01
  590   1.2443E-01
  591   3.3448E-01
  592   5.0104E-01
  593   6.5989E-01
  593   8.7565E-01
  594   1.5214E-01
  595   3.7301E-01
  596   5.8688E-01
  596   8.1138E-01
  597   4.8068E-02
  598   3.4129E-02
  599   8.4034E-02
  600   2.0888E-01
  601   2.6652E-01
  602   3.8046E-01
  603   5.7822E-01
  604   8.0038E-01
  604   9.7112E-01
  605   2.1043E-01
  606   4.9540E-01
  606   8.4284E-01
  607   3.0618E-01
  607   7.8707E-01
  608   2.9334E-01
  608   8.1450E-01
  609   3.6081E-01
  609   8.8292E-01
  610   3.2933E-01
  610   7.9260E-01
  611   2.8458E-01
  611   7.9547E-01
  612   3.3248E-01
  612   8.3807E-01
  613   2.7323E-01
  613   7.2152E-01
  614   1.8175E-01
  614   6.6206E-01
  615   1.4894E-01
  615   5.9129E-01
  616   8.9198E-03
  617   4.6967E-01
  617   9.2948E-01
  618   4.2539E-01
  618   8.9615E-01
  619   2.7085E-01
  619   6.7895E-01
  620   1.1014E-01
  620   5.9186E-01
  621   7.9076E-02
  622   5.0941E-01
  622   9.2785E-01
  623   3.9201E-01
  623   8.6309E-01
  624   3.6989E-01
  624   8.5757E-01
  625   3.0793E-01
  625   7.6445E-01
  626   2.3180E-01
  626   7.1144E-01
  627   1.9810E-01
  628   5.9028E-01
  628   9.2470E-01
  629   3.1546E-01
  629   7.3053E-01
  630   1.7242E-01
  631   5.6848E-01
  631   9.4057E-01
  632   3.6672E-01
  632   8.0504E-01
  633   2.7630E-01
  633   7.0910E-01
  634   9.8154E-02
  635   5.2599E-01
  635   9.5073E-01
  636   4.2110E-01
  636   8.5318E-01
  637   1.9631E-01
  638   5.8531E-01
  638   9.8089E-01
  639   4.5201E-01
  639   8.9034E-01
  640   2.5874E-01
  640   6.5284E-01
  641   5.1007E-02
  642   5.1235E-01
  642   9.4947E-01
  643   3.5838E-01
  644   6.3763E-01
  645   7.3186E-01
  646   7.4306E-01
  647   5.9195E-01
  649   1.5841E-01
  650   7.0612E-01
  652   2.0863E-01
  654   3.0702E-01
  656   5.0404E-01
  659   2.6423E-01
  663   4.6139E-01
  666   8.5084E-01
  671   1.2533E-02
  677   2.6832E-02
  684   4.1145E-01
  693   3.3619E-01
  702   7.1156E-02
  708   4.9303E-01
  715   6.8883E-01
  725   8.7118E-01
  731   6.4028E-01
  735   1.3839E-01
  738   2.8512E-01
  741   9.7353E-02
  745   1.5606E-01
  749   6.8979E-01
  752   8.3221E-01
  756   9.3912E-02
  759   9.2627E-01
  763   5.3041E-01
  767   3.6812E-01
  771   3.9842E-01
  774   7.2465E-01
  778   1.1560E-01
  782   4.1905E-01
  786   4.0072E-01
  790   4.4954E-01
  795   2.3783E-01
  800   5.8902E-01
  804   9.1271E-01
  809   1.1717E-01
  814   3.5419E-01
  818   6.1642E-01
  823   2.4977E-01
  827   5.2084E-01
  831   3.7033E-01
  836   2.3149E-01
  841   3.5883E-01
  845   9.2993E-01
  850   6.4477E-01
  854   8.1044E-01
  859   6.8015E-01
  864   7.2775E-01
  869   2.1987E-01
  873   3.5411E-01
  875   3.7084E-01
  878   8.1287E-02
  880   6.6046E-01
  883   1.9851E-01
  886   1.3325E-01
  888   2.5095E-01
  890   4.3191E-01
  892   5.8808E-01
  894   6.8816E-01
  895   9.8739E-01
  897   1.8763E-01
  899   4.2621E-01
  900   9.3717E-01
  901   4.8468E-01
  903   1.7776E-01
  904   9.1030E-01
  905   6.5965E-01
  906   5.4382E-01
  907   3.4174E-01
  908   2.2005E-01
  910   1.1278E-01
  911   9.5737E-01
  912   6.8586E-01
  913   4.4778E-01
  914   3.2900E-01
  915   2.2434E-01
  916   4.1235E-02
  918   1.3967E-02
  919   9.6225E-01
  920   8.6450E-01
  921   6.3282E-01
  922   3.6705E-01
  924   1.5445E-01
  925   9.7743E-01
  925   8.7365E-01
  926   9.8276E-02
  928   9.0713E-02
  929   9.7012E-01
  930   7.8582E-01
  931   7.2064E-01
  932   6.1812E-01
  933   5.9353E-01
  934   7.2052E-01
  934   9.1019E-01
  935   1.6406E-01
  936   3.2868E-01
  937   5.1128E-01
  937   7.4377E-01
  938   1.8658E-02
  939   2.1095E-01
  940   4.3374E-01
  941   6.8646E-01
  941   9.5366E-01
  942   3.2903E-02
  943   1.9124E-01
  944   4.1078E-01
  945   5.9404E-01
  946   7.3722E-01
  946   9.3482E-01
  947   1.9208E-01
  948   3.8593E-01
  949   5.8158E-01
  949   8.0944E-01
  950   6.9137E-02
  951   1.4551E-01
  952   2.7411E-01
  953   4.6825E-01
  954   6.3942E-01
  955   7.5962E-01
  955   9.3753E-01
  956   1.7698E-01
  957   3.4904E-01
  958   5.2763E-01
  959   7.4024E-01
  959   9.7702E-01
  960   1.1363E-02
  961   1.3074E-01
  962   3.1828E-01
  963   4.4370E-01
  964   5.5891E-01
  965   7.3379E-01
  965   9.4919E-01
  966   7.9109E-02
  967   2.5159E-01
  968   4.5941E-01
  969   5.9427E-01
  970   6.3883E-01
  971   7.6005E-01
  972   9.2932E-01
  972   9.8278E-01
  973   1.1133E-01
  974   3.0153E-01
  975   4.4307E-01
  976   5.7379E-01
  977   7.4314E-01
  978   9.2840E-01
  979   9.1840E-01
  979   9.9193E-01
  980   1.4737E-01
  981   1.9552E-01
  982   2.8380E-01
  983   4.3748E-01
  984   5.6948E-01
  985   6.6927E-01
  986   8.1051E-01
  987   9.8473E-01
  988   9.4282E-01
  988   9.8952E-01
